0,0 : 1.000000
0,1 : 1.000000
0,2 : 1.000000
0,3 : 1.000000
0,4 : 1.000000
0,5 : 1.000000
0,6 : 1.000000
0,7 : 1.000000
0,8 : 1.000000
0,9 : 1.000000
0,10 : 1.000000
0,11 : 1.000000
0,12 : 1.000000
0,13 : 1.000000
0,14 : 1.000000
0,15 : 1.000000
0,16 : 1.000000
0,17 : 1.000000
0,18 : 1.000000
0,19 : 1.000000
0,20 : 1.000000
1,0 : 1.000000
1,1 : 1.000000
1,2 : 1.000000
1,3 : 1.000000
1,4 : 1.000000
1,5 : 1.000000
1,6 : 1.000000
1,7 : 1.000000
1,8 : 1.000000
1,9 : 0.000000
1,10 : 0.000000
1,11 : 0.000000
1,12 : 0.500000
1,13 : 1.000000
1,14 : 1.000000
1,15 : 1.000000
1,16 : 1.000000
1,17 : 1.000000
1,18 : 1.000000
1,19 : 1.000000
1,20 : 1.000000
2,0 : 1.000000
2,1 : 1.000000
2,2 : 1.000000
2,3 : 1.000000
2,4 : 0.500000
2,5 : 0.000000
2,6 : 0.000000
2,7 : 0.000000
2,8 : 0.000000
2,9 : 0.000000
2,10 : 0.000000
2,11 : 0.000000
2,12 : 0.000000
2,13 : 0.000000
2,14 : 0.500000
2,15 : 1.000000
2,16 : 1.000000
2,17 : 1.000000
2,18 : 1.000000
2,19 : 1.000000
2,20 : 1.000000
3,0 : 1.000000
3,1 : 1.000000
3,2 : 0.500000
3,3 : 0.000000
3,4 : 0.000000
3,5 : 0.000000
3,6 : 0.000000
3,7 : 0.000000
3,8 : 0.000000
3,9 : 0.000000
3,10 : 0.000000
3,11 : 0.000000
3,12 : 0.000000
3,13 : 0.500000
3,14 : 0.500000
3,15 : 0.500000
3,16 : 0.500000
3,17 : 1.000000
3,18 : 1.000000
3,19 : 1.000000
3,20 : 1.000000
4,0 : 1.000000
4,1 : 1.000000
4,2 : 0.000000
4,3 : 0.000000
4,4 : 0.000000
4,5 : 0.000000
4,6 : 0.000000
4,7 : 0.000000
4,8 : 0.000000
4,9 : 0.000000
4,10 : 0.000000
4,11 : 0.000000
4,12 : 0.000000
4,13 : 0.000000
4,14 : 0.500000
4,15 : 0.500000
4,16 : 0.500000
4,17 : 0.500000
4,18 : 1.000000
4,19 : 1.000000
4,20 : 1.000000

5,0 : 1.000000
5,1 : 0.000000
5,2 : 0.000000
5,3 : 0.000000
5,4 : 0.000000
5,5 : 0.000000
5,6 : 0.000000
5,7 : 0.000000
5,8 : 0.000000
5,9 : 0.000000
5,10 : 0.000000
5,11 : 0.000000
5,12 : 0.000000
5,13 : 0.000000
5,14 : 0.000000
5,15 : 0.500000
5,16 : 0.500000
5,17 : 0.500000
5,18 : 0.500000
5,19 : 1.000000
5,20 : 1.000000

6,0 : 1.000000
6,1 : 0.000000
6,2 : 0.000000
6,3 : 0.000000
6,4 : 0.000000
6,5 : 0.000000
6,6 : 0.000000
6,7 : 0.000000
6,8 : 0.000000
6,9 : 0.000000
6,10 : 0.500000
6,11 : 0.000000
6,12 : 0.000000
6,13 : 0.000000
6,14 : 0.000000
6,15 : 0.000000
6,16 : 0.500000
6,17 : 0.500000
6,18 : 0.500000
6,19 : 1.000000
6,20 : 1.000000

7,0 : 1.000000
7,1 : 0.000000
7,2 : 0.000000
7,3 : 0.000000
7,4 : 0.000000
7,5 : 0.000000
7,6 : 0.000000
7,7 : 0.000000
7,8 : 0.500000
7,9 : 0.500000
7,10 : 0.000000
7,11 : 0.500000
7,12 : 0.000000
7,13 : 0.500000
7,14 : 0.500000
7,15 : 0.500000
7,16 : 0.500000
7,17 : 0.500000
7,18 : 0.500000
7,19 : 1.000000
7,20 : 1.000000

8,0 : 1.000000
8,1 : 0.000000
8,2 : 0.000000
8,3 : 0.000000
8,4 : 0.000000
8,5 : 0.000000
8,6 : 0.000000
8,7 : 0.000000
8,8 : 0.500000
8,9 : 0.500000
8,10 : 0.000000
8,11 : 0.500000
8,12 : 0.000000
8,13 : 0.000000
8,14 : 0.500000
8,15 : 0.500000
8,16 : 0.500000
8,17 : 0.500000
8,18 : 0.500000
8,19 : 1.000000
8,20 : 1.000000

9,0 : 1.000000
9,1 : 0.000000
9,2 : 0.000000
9,3 : 0.000000
9,4 : 0.000000
9,5 : 0.000000
9,6 : 0.000000
9,7 : 0.000000
9,8 : 0.500000
9,9 : 0.500000
9,10 : 0.000000
9,11 : 0.500000
9,12 : 0.000000
9,13 : 0.000000
9,14 : 0.500000
9,15 : 0.500000
9,16 : 0.500000
9,17 : 0.500000
9,18 : 0.500000
9,19 : 1.000000
9,20 : 1.000000

10,0 : 1.000000
10,1 : 0.000000
10,2 : 0.000000
10,3 : 0.000000
10,4 : 0.000000
10,5 : 0.000000
10,6 : 0.000000
10,7 : 0.500000
10,8 : 0.500000
10,9 : 0.500000
10,10 : 0.500000
10,11 : 0.000000
10,12 : 0.000000
10,13 : 0.000000
10,14 : 0.500000
10,15 : 0.500000
10,16 : 0.500000
10,17 : 0.500000
10,18 : 0.500000
10,19 : 1.000000
10,20 : 1.000000

11,0 : 1.000000
11,1 : 0.000000
11,2 : 0.000000
11,3 : 0.000000
11,4 : 0.000000
11,5 : 0.000000
11,6 : 0.500000
11,7 : 0.500000
11,8 : 0.500000
11,9 : 0.000000
11,10 : 0.500000
11,11 : 0.500000
11,12 : 0.000000
11,13 : 0.500000
11,14 : 1.000000
11,15 : 0.500000
11,16 : 0.500000
11,17 : 0.500000
11,18 : 0.500000
11,19 : 0.500000
11,20 : 1.000000


12,0 : 1.000000
12,1 : 0.000000
12,2 : 0.000000
12,3 : 0.000000
12,4 : 0.000000
12,5 : 0.000000
12,6 : 0.500000
12,7 : 0.500000
12,8 : 0.000000
12,9 : 0.500000
12,10 : 0.500000
12,11 : 0.500000
12,12 : 0.500000
12,13 : 0.000000
12,14 : 0.500000
12,15 : 1.000000
12,16 : 1.000000
12,17 : 1.000000
12,18 : 1.000000
12,19 : 1.000000
12,20 : 1.000000

13,0 : 1.000000
13,1 : 0.000000
13,2 : 0.000000
13,3 : 0.000000
13,4 : 0.000000
13,5 : 0.000000
13,6 : 0.000000
13,7 : 0.000000
13,8 : 0.000000
13,9 : 1.000000
13,10 : 1.000000
13,11 : 1.000000
13,12 : 1.000000
13,13 : 1.000000
13,14 : 0.500000
13,15 : 0.500000
13,16 : 0.500000
13,17 : 1.000000
13,18 : 1.000000
13,19 : 1.000000
13,20 : 1.000000

14,0 : 1.000000
14,1 : 0.000000
14,2 : 0.000000
14,3 : 0.000000
14,4 : 0.000000
14,5 : 0.000000
14,6 : 0.000000
14,7 : 0.000000
14,8 : 0.500000
14,9 : 0.500000
14,10 : 1.000000
14,11 : 1.000000
14,12 : 0.500000
14,13 : 0.500000
14,14 : 0.500000
14,15 : 1.000000
14,16 : 1.000000
14,17 : 1.000000
14,18 : 1.000000
14,19 : 1.000000
14,20 : 1.000000

15,0 : 1.000000
15,1 : 0.000000
15,2 : 0.000000
15,3 : 0.000000
15,4 : 0.000000
15,5 : 0.000000
15,6 : 0.000000
15,7 : 0.000000
15,8 : 0.000000
15,9 : 0.000000
15,10 : 0.500000
15,11 : 0.500000
15,12 : 0.500000
15,13 : 0.500000
15,14 : 0.000000
15,15 : 1.000000
15,16 : 1.000000
15,17 : 1.000000
15,18 : 1.000000
15,19 : 1.000000
15,20 : 1.000000

16,0 : 1.000000
16,1 : 0.000000
16,2 : 0.000000
16,3 : 0.000000
16,4 : 0.000000
16,5 : 0.000000
16,6 : 0.000000
16,7 : 0.000000
16,8 : 0.000000
16,9 : 0.000000
16,10 : 0.500000
16,11 : 1.000000
16,12 : 1.000000
16,13 : 0.500000
16,14 : 0.500000
16,15 : 1.000000
16,16 : 1.000000
16,17 : 1.000000
16,18 : 1.000000
16,19 : 1.000000
16,20 : 1.000000

17,0 : 1.000000
17,1 : 0.000000
17,2 : 0.000000
17,3 : 0.000000
17,4 : 0.000000
17,5 : 0.500000
17,6 : 0.500000
17,7 : 0.500000
17,8 : 0.000000
17,9 : 0.000000
17,10 : 1.000000
17,11 : 1.000000
17,12 : 1.000000
17,13 : 1.000000
17,14 : 1.000000
17,15 : 1.000000
17,16 : 1.000000
17,17 : 1.000000
17,18 : 1.000000
17,19 : 1.000000
17,20 : 1.000000

18,0 : 1.000000
18,1 : 1.000000
18,2 : 0.000000
18,3 : 0.000000
18,4 : 0.500000
18,5 : 0.500000
18,6 : 0.500000
18,7 : 0.500000
18,8 : 0.000000
18,9 : 0.000000
18,10 : 1.000000
18,11 : 1.000000
18,12 : 1.000000
18,13 : 1.000000
18,14 : 1.000000
18,15 : 1.000000
18,16 : 1.000000
18,17 : 1.000000
18,18 : 1.000000
18,19 : 1.000000
18,20 : 1.000000

19,0 : 1.000000
19,1 : 1.000000
19,2 : 1.000000
19,3 : 0.000000
19,4 : 0.000000
19,5 : 0.500000
19,6 : 0.500000
19,7 : 0.000000
19,8 : 0.000000
19,9 : 0.000000
19,10 : 1.000000
19,11 : 1.000000
19,12 : 1.000000
19,13 : 1.000000
19,14 : 1.000000
19,15 : 1.000000
19,16 : 1.000000
19,17 : 1.000000
19,18 : 1.000000
19,19 : 1.000000
19,20 : 1.000000

20,0 : 1.000000
20,1 : 1.000000
20,2 : 1.000000
20,3 : 0.000000
20,4 : 0.500000
20,5 : 0.500000
20,6 : 0.500000
20,7 : 0.500000
20,8 : 0.000000
20,9 : 0.000000
20,10 : 1.000000
20,11 : 1.000000
20,12 : 1.000000
20,13 : 1.000000
20,14 : 1.000000
20,15 : 1.000000
20,16 : 1.000000
20,17 : 1.000000
20,18 : 1.000000
20,19 : 1.000000
20,20 : 1.000000

21,0 : 1.000000
21,1 : 1.000000
21,2 : 1.000000
21,3 : 0.000000
21,4 : 0.500000
21,5 : 0.500000
21,6 : 0.500000
21,7 : 0.500000
21,8 : 0.500000
21,9 : 0.500000
21,10 : 1.000000
21,11 : 1.000000
21,12 : 1.000000
21,13 : 1.000000
21,14 : 1.000000
21,15 : 1.000000
21,16 : 1.000000
21,17 : 1.000000
21,18 : 1.000000
21,19 : 1.000000
21,20 : 1.000000

22,0 : 1.000000
22,1 : 1.000000
22,2 : 1.000000
22,3 : 1.000000
22,4 : 0.500000
22,5 : 0.500000
22,6 : 0.500000
22,7 : 0.500000
22,8 : 0.000000
22,9 : 0.000000
22,10 : 0.500000
22,11 : 1.000000
22,12 : 1.000000
22,13 : 1.000000
22,14 : 1.000000
22,15 : 1.000000
22,16 : 1.000000
22,17 : 1.000000
22,18 : 1.000000
22,19 : 1.000000
22,20 : 1.000000
23,0 : 1.000000
23,1 : 1.000000
23,2 : 1.000000
23,3 : 1.000000
23,4 : 0.000000
23,5 : 0.500000
23,6 : 0.500000
23,7 : 0.000000
23,8 : 0.000000
23,9 : 0.000000
23,10 : 0.500000
23,11 : 1.000000
23,12 : 1.000000
23,13 : 1.000000
23,14 : 1.000000
23,15 : 1.000000
23,16 : 1.000000
23,17 : 1.000000
23,18 : 1.000000
23,19 : 1.000000
23,20 : 1.000000
24,0 : 1.000000
24,1 : 1.000000
24,2 : 1.000000
24,3 : 1.000000
24,4 : 0.500000
24,5 : 0.000000
24,6 : 0.500000
24,7 : 0.500000
24,8 : 0.000000
24,9 : 0.500000
24,10 : 0.500000
24,11 : 1.000000
24,12 : 1.000000
24,13 : 1.000000
24,14 : 1.000000
24,15 : 1.000000
24,16 : 1.000000
24,17 : 1.000000
24,18 : 1.000000
24,19 : 1.000000
24,20 : 1.000000
25,0 : 1.000000
25,1 : 1.000000
25,2 : 1.000000
25,3 : 1.000000
25,4 : 0.500000
25,5 : 0.000000
25,6 : 0.000000
25,7 : 0.500000
25,8 : 0.500000
25,9 : 0.500000
25,10 : 1.000000
25,11 : 1.000000
25,12 : 1.000000
25,13 : 1.000000
25,14 : 1.000000
25,15 : 1.000000
25,16 : 1.000000
25,17 : 1.000000
25,18 : 1.000000
25,19 : 1.000000
25,20 : 1.000000
26,0 : 1.000000
26,1 : 1.000000
26,2 : 1.000000
26,3 : 0.000000
26,4 : 0.000000
26,5 : 0.000000
26,6 : 0.000000
26,7 : 0.000000
26,8 : 0.500000
26,9 : 0.500000
26,10 : 0.500000
26,11 : 1.000000
26,12 : 1.000000
26,13 : 1.000000
26,14 : 1.000000
26,15 : 0.000000
26,16 : 1.000000
26,17 : 1.000000
26,18 : 1.000000
26,19 : 1.000000
26,20 : 1.000000
27,0 : 1.000000
27,1 : 1.000000
27,2 : 0.000000
27,3 : 0.000000
27,4 : 0.000000
27,5 : 0.000000
27,6 : 0.000000
27,7 : 0.000000
27,8 : 0.500000
27,9 : 0.500000
27,10 : 0.500000
27,11 : 1.000000
27,12 : 1.000000
27,13 : 1.000000
27,14 : 1.000000
27,15 : 0.000000
27,16 : 0.000000
27,17 : 0.000000
27,18 : 0.000000
27,19 : 0.000000
27,20 : 0.500000
28,0 : 1.000000
28,1 : 1.000000
28,2 : 0.000000
28,3 : 0.000000
28,4 : 0.000000
28,5 : 0.000000
28,6 : 0.500000
28,7 : 0.000000
28,8 : 0.000000
28,9 : 0.500000
28,10 : 0.500000
28,11 : 1.000000
28,12 : 1.000000
28,13 : 1.000000
28,14 : 1.000000
28,15 : 0.000000
28,16 : 0.000000
28,17 : 0.000000
28,18 : 0.000000
28,19 : 0.000000
28,20 : 0.000000
29,0 : 1.000000
29,1 : 1.000000
29,2 : 0.000000
29,3 : 0.000000
29,4 : 0.000000
29,5 : 0.000000
29,6 : 0.500000
29,7 : 0.500000
29,8 : 0.500000
29,9 : 0.500000
29,10 : 0.500000
29,11 : 1.000000
29,12 : 1.000000
29,13 : 1.000000
29,14 : 0.500000
29,15 : 0.000000
29,16 : 0.000000
29,17 : 0.000000
29,18 : 0.000000
29,19 : 0.000000
29,20 : 0.000000
30,0 : 1.000000
30,1 : 1.000000
30,2 : 0.000000
30,3 : 0.000000
30,4 : 0.000000
30,5 : 0.000000
30,6 : 0.500000
30,7 : 0.500000
30,8 : 0.500000
30,9 : 0.500000
30,10 : 1.000000
30,11 : 1.000000
30,12 : 1.000000
30,13 : 1.000000
30,14 : 0.500000
30,15 : 0.000000
30,16 : 0.000000
30,17 : 0.000000
30,18 : 0.000000
30,19 : 0.000000
30,20 : 0.000000
31,0 : 1.000000
31,1 : 1.000000
31,2 : 0.000000
31,3 : 0.000000
31,4 : 0.000000
31,5 : 0.000000
31,6 : 0.500000
31,7 : 0.500000
31,8 : 1.000000
31,9 : 1.000000
31,10 : 1.000000
31,11 : 1.000000
31,12 : 1.000000
31,13 : 0.000000
31,14 : 0.500000
31,15 : 0.000000
31,16 : 0.000000
31,17 : 0.000000
31,18 : 0.000000
31,19 : 0.000000
31,20 : 0.000000
